mild_winter = {
	6
	8
	10
	17
	41
	42
	49
	50
	53
	56
	57
	58
	62
	63
	65
	68
	70
	73
	76
	77
	80
	82
	83
	88
	90
	95
	97
	98
	99
	102
	106
	107
	108
	113
	115
	116
	120
	122
	125
	130
	131
	133
	138
	143
	146
	151
	152
	162
	164
	169
	170
	174
	180
	181
	183
	184
	186
	191
	192
	193
	198
	199
	207
	208
	209
	213
	214
	217
	218
	222
	223
	230
	231
	233
	234
	239
	240
	242
	246
	247
	248
	249
	252
	258
	260
	264
	265
	268
	269
	272
	274
	279
	280
	281
	283
	284
	285
	287
	290
	292
	295
	299
	300
	302
	307
	308
	309
	312
	313
	319
	324
	326
	327
	328
	329
	331
	337
	338
	339
	344
	346
	347
	350
	352
	353
	354
	355
	356
	366
	370
	373
	374
	376
	379
	381
	384
	386
	388
	389
	396
	397
	399
	402
	404
	405
	406
	408
	410
	412
	414
	416
	421
	423
	424
	426
	428
	430
	434
	435
	437
	438
	442
	443
	444
	448
	450
	453
	456
	459
	461
	464
	466
	468
	473
	475
	476
	479
	480
	485
	494
	495
	499
	502
	506
	508
	509
	511
	512
	515
	516
	521
	527
	530
	531
	532
	536
	538
	544
	549
	553
	554
	560
	563
	564
	569
	577
	581
	585
	589
	590
	592
	601
	602
	604
	605
	613
	625
	631
	636
	643
	648
	651
	662
	668
	671
	674
	684
	686
	688
	699
	705
	713
	715
	717
	720
	723
	735
	742
	744
	745
	755
	761
	762
	773
	774
	778
	786
	796
	797
	802
	804
	811
	819
	828
	830
	833
	835
	850
	858
	859
	860
	867
	869
	871
	882
	883
	885
	894
	897
	900
	902
	903
	910
	917
	919
	923
	924
	927
	928
	929
	933
	938
	939
	943
	945
	947
	950
	957
	958
	960
	963
	965
	966
	970
	972
	974
	975
	979
	981
	983
	986
	989
	991
	992
	993
	994
	995
	996
	997
	1000
	1002
	1004
	1006
	1007
	1008
	1009
	1010
	1011
	1012
	1013
	1014
	1019
	1020
	1023
	1024
	1028
	1029
	1030
	1033
	1037
	1040
	1049
	1051
	1052
	1054
	1057
	1066
	1071
	1075
	1077
	1086
	1091
	1092
	1097
	1098
	1105
	1116
	1118
	1119
	1120
	1126
	1131
	1139
	1145
	1149
	1150
	1157
	1162
	1166
	1170
	1176
	1179
	1182
	1184
	1196
	1197
	1202
	1203
	1205
	1209
	1221
	1224
	1228
	1233
	1238
	1241
	1249
	1250
	1253
	1255
	1259
	1261
	1263
	1266
	1267
	1270
	1276
	1277
	1281
	1282
	1283
	1284
	1287
	1288
	1289
	1291
	1299
	1300
	1301
	1303
	1304
	1305
	1306
	1307
	1310
	1315
	1319
	1320
	1321
	1322
	1323
	1324
	1327
	1329
	1330
	1339
	1340
	1342
	1343
	1346
	1350
	1352
	1354
	1355
	1356
	1358
	1360
	1363
	1367
	1371
	1372
	1375
	1376
	1378
	1380
	1382
	1387
	1390
	1395
	1396
	1397
	1403
	1406
	1414
	1415
	1418
	1421
	1422
	1424
	1425
	1429
	1436
	1439
	1448
	1450
	1456
	1463
	1464
	1466
	1467
	1468
	1476
	1477
	1479
	1489
	1491
	1496
	1499
	1506
	1509
	1510
	1514
	1522
	1530
	1532
	1533
	1546
	1547
	1551
	1553
	1566
	1572
	1578
	1580
	1588
	1596
	1598
	1602
}

normal_winter = {
	72
	75
	78
	81
	84
	85
	91
	92
	94
	96
	101
	103
	104
	109
	110
	114
	118
	119
	123
	124
	126
	127
	135
	136
	139
	140
	141
	142
	144
	148
	150
	155
	157
	159
	167
	168
	171
	172
	190
	196
	197
	215
	221
	229
	243
	253
	254
	257
	273
	277
	286
	297
	310
	311
	325
	334
	336
	343
	357
	360
	372
	403
	407
	409
	432
	441
	445
	446
	449
	463
	467
	469
	471
	472
	474
	482
	484
	489
	492
	493
	496
	497
	500
	503
	510
	513
	514
	519
	520
	523
	525
	526
	529
	533
	534
	535
	537
	540
	541
	545
	547
	548
	551
	552
	555
	556
	557
	558
	565
	568
	571
	573
	574
	576
	578
	579
	584
	588
	591
	594
	595
	598
	606
	607
	609
	614
	615
	617
	620
	623
	626
	629
	632
	633
	639
	641
	642
	645
	646
	654
	657
	659
	669
	675
	676
	677
	681
	685
	691
	697
	698
	702
	709
	710
	712
	714
	719
	724
	725
	728
	729
	730
	740
	746
	747
	752
	757
	763
	770
	788
	793
	798
	807
	809
	821
	831
	834
	838
	839
	843
	845
	854
	856
	861
	862
	865
	866
	868
	872
	873
	874
	876
	877
	880
	884
	887
	890
	892
	896
	899
	901
	906
	907
	908
	913
	916
	918
	922
	926
	930
	934
	935
	936
	937
	940
	942
	944
	949
	954
	955
	956
	962
	964
	968
	971
	977
	980
	988
	1377
	1388
	1391
	1392
	1402
	1405
	1407
	1408
	1409
	1410
	1419
	1420
	1427
	1430
	1433
	1437
	1438
	1440
	1441
	1443
	1444
	1447
	1449
	1451
	1452
	1453
	1454
	1455
	1457
	1458
	1459
	1462
	1469
	1471
	1472
	1478
	1480
	1483
	1484
	1485
	1486
	1487
	1494
	1497
	1498
	1502
	1504
	1505
	1507
	1513
	1515
	1523
	1526
	1527
	1528
	1531
	1534
	1537
	1538
	1545
	1548
	1558
	1559
	1565
	1579
	1603
}

severe_winter = {
	132
	134
	145
	154
	156
	158
	176
	179
	185
	187
	194
	201
	202
	216
	224
	226
	227
	228
	235
	245
	250
	251
	256
	266
	267
	275
	276
	282
	289
	291
	294
	298
	301
	304
	305
	306
	314
	317
	320
	321
	322
	323
	332
	333
	340
	342
	348
	351
	359
	362
	364
	365
	367
	369
	371
	380
	382
	383
	390
	391
	392
	394
	395
	398
	401
	413
	415
	417
	418
	419
	422
	427
	429
	439
	440
	451
	452
	454
	458
	465
	478
	486
	487
	488
	498
	518
	561
	572
	575
	580
	596
	599
	600
	603
	610
	616
	618
	619
	627
	630
	634
	635
	637
	638
	647
	650
	652
	655
	658
	663
	665
	666
	670
	673
	683
	687
	689
	692
	693
	694
	704
	706
	707
	718
	726
	731
	736
	738
	741
	748
	749
	750
	759
	764
	766
	768
	769
	775
	776
	780
	789
	790
	792
	795
	799
	800
	801
	806
	808
	810
	812
	813
	814
	820
	822
	824
	825
	826
	832
	836
	840
	844
	846
	852
	857
	1461
	1465
	1470
	1473
	1474
	1475
	1481
	1482
	1488
	1490
	1492
	1493
	1495
	1500
	1501
	1503
	1508
	1511
	1512
	1516
	1517
	1518
	1519
	1520
	1521
	1524
	1525
	1529
	1535
	1536
	1539
	1540
	1541
	1542
	1543
	1544
	1549
	1550
	1552
	1554
	1555
	1556
	1557
	1560
	1561
	1562
	1563
	1564
	1567
	1568
	1569
	1570
	1571
	1573
	1574
	1575
	1576
	1577
	1581
	1582
	1583
	1584
	1585
	1586
	1587
	1589
	1590
	1591
	1592
	1593
	1594
	1595
	1597
	1599
	1600
	1601
}

